150
128
192
191
136
156
124
133
185
153
172
132
183
125
125
125
196
106
114
178
168
115
158
162
136
119
152
157
130
118
149
188
139
148
104
113
128
180
174
140
114
119
127
157
135
144
173
151
168
103
197
154
1000009
1000032
161
162
107
160
129
142
186
193
161
151
144
186
124
131
115
110
128
140
125
141
159
187
156
193
139
175
162
172
138
103
115
198
195
175
126
170
137
127
112
153
108
140
108
112
180
171
139
108
148
108
153
107
130
186
128
121
162
198
1000112
1000205
177
120
144
153
136
147
196
147
152
182
160
140
133
174
170
101
133
131
148
162
149
127
107
196
172
163
142
101
110
101
175
108
182
187
129
115
123
105
100
125
113
135
179
104
147
146
137
165
127
108
128
115
1000407
1000463
114
105
133
103
174
198
196
197
123
126
148
118
115
143
139
125
118
148
176
117
108
175
167
191
169
179
195
114
138
179
181
188
146
131
